eV,A,I0,vis
10000,1865766.6124962745,5333292.5322515005,0.34983391614347153
11000,2430708.9679792,11251303.746847186,0.2160379830346619
12000,615343.881812534,2922751.099027826,0.21053584823463464
13000,1665750.1622528539,6384025.423124177,0.260924738209717
14000,842681.4690898989,5365749.907384385,0.15704821947258374
15000,215501.00097154855,6664791.294286424,0.03233424595850326
16000,1326662.6711096177,11162948.013878122,0.11884518941235502
17000,4232547.270291768,17137173.519925065,0.24698047582763086
18000,8410802.560049705,24681985.10828542,0.3407668598433077
19000,10575002.573280644,33774574.55251253,0.3131054265935663
20000,8395968.49877658,44170463.725836426,0.1900810584849161
21000,4139232.2942615403,55462571.59282262,0.07463109220123497
22000,820834.479293855,67960703.22045001,0.012078075128670214
23000,542180.2041333092,81893468.17439188,0.006620554926050246
24000,2873418.687944261,95457129.81757352,0.030101666511821612
25000,9382940.57791229,110618421.30486295,0.08482258621331275
26000,21556582.68996993,126331521.58808404,0.17063502773486114
27000,37444665.40811035,142515507.54853633,0.26274098904891363
28000,56216450.36873604,160911964.03465664,0.3493615325994551
29000,71140298.68877965,178082868.8196493,0.3994786200396732
30000,83076823.19276242,198254111.0547104,0.4190421209971099
31000,87892914.24920605,216484488.93548965,0.40600097809038554
32000,86154190.78501512,236715556.27797467,0.363956607413855
33000,79668719.00426246,255259345.714239,0.31210892114975103
34000,69012511.30298516,276531616.5896964,0.249564632623482
35000,56898623.643168904,295746998.9435268,0.19238952160604597
36000,44426247.97523296,317011328.0980072,0.14014088468629785
37000,32150909.930093758,337931601.5556402,0.0951402880999874
38000,22368998.591262244,358234528.4951889,0.062442329848063936
39000,13613030.800542565,380494024.9555328,0.0357772524867729
40000,7935230.018762237,401046281.20967865,0.019786319910079078
41000,3753790.0135817095,422011246.8853665,0.008894999934922054
42000,1111670.7914312151,444943511.62653565,0.0024984537640910663
43000,364296.4441040882,464889822.9247447,0.0007836188837436857
44000,768427.6569090725,486517940.1756868,0.0015794436205817718
45000,925763.0126577205,509055464.5185556,0.0018185896767325155
46000,937819.8931797297,529083087.1395766,0.0017725380303686116
47000,789904.6867716273,550801179.4747305,0.0014341012986299648
48000,505270.0450398818,573686604.0112872,0.0008807422754984543
49000,1090625.0350505002,593714777.5558769,0.0018369511359313557
50000,2619727.102847896,615348164.0036126,0.00425730871739875
51000,4956406.176733402,638372668.6333613,0.007764126536532582
52000,7519756.736354717,658846882.495045,0.011413511904127848
53000,10576001.494888404,680138371.5461555,0.0155497791880879
54000,14232926.22272251,702888073.3827341,0.02024920718063237
55000,18152387.256677594,726237032.7848332,0.02499512753717658
56000,21918963.351705547,746262734.2446165,0.02937164398794803
57000,25554436.101044405,767287076.7632003,0.03330492181472125
58000,30107568.71344487,792096406.4548149,0.03800998018435317
59000,33971764.33779176,813632690.3520694,0.041753194949789615
60000,37529455.71786325,835810465.0736492,0.04490187343437518
61000,41242631.796140805,857103656.412076,0.048118604427364944
62000,44729372.84305346,880555309.6718194,0.05079677829632755
63000,47348915.92171713,904275048.2423893,0.05236118812937249
64000,49723132.24653792,924182679.5684052,0.053802276698973306
65000,52354910.07104505,947900004.0069797,0.05523252436937382
66000,54259235.722453,973809644.4065257,0.05571852367052753
67000,56330825.7332741,999064211.1519104,0.056383588866951065
68000,57587056.81147348,1021842693.4837143,0.056356088054165136
69000,58628030.279582374,1043927183.7371901,0.05616103421092831
70000,59408404.84351805,1070671461.406012,0.05548705367144332
71000,59398227.94862614,1090220240.2016618,0.05448277857842654
72000,59642459.299586914,1117430025.9726262,0.053374670371572765
73000,59595319.84487778,1141255712.3120413,0.052219076936005096
74000,59404202.694079824,1162289801.682158,0.051109630840867185
75000,58728641.61036289,1187006183.6450891,0.049476272676202464
76000,57754620.6102211,1207831071.7225752,0.04781680316259215
77000,56843242.40641611,1230371524.0878096,0.04620006339025065
78000,55891212.72263645,1253221622.0007775,0.04459802778809842
79000,55024419.49356526,1281453887.228684,0.042939055429113374
80000,53509708.61227462,1297439764.4200747,0.04124253786548018
81000,136419901.95310304,672499880.6475521,0.20285490879454715
82000,145579191.35793662,601004543.4774878,0.2422264406115753
83000,146191573.32064933,610388349.8720539,0.23950583812959925
84000,147366989.67282677,623592228.9265836,0.23631947743559273
85000,146430259.9260825,632223474.5713966,0.23161155163583888
86000,146559602.53511274,644892660.8306795,0.22726201031088
87000,146147676.6404318,659391110.435212,0.2216403502072863
88000,145099889.94983596,670105392.4092062,0.21653293883841684
89000,143778845.89149332,678736015.3551476,0.21183323507042906
90000,142826084.492972,692430808.5965261,0.20626766273219885
91000,141555249.00836328,703031670.84405,0.20134974693019733
92000,139735790.5987144,715354430.3162801,0.19533784188200656
93000,138123662.94537997,730498428.0969181,0.18908139652704983
94000,135229232.06174648,739831735.9059434,0.1827837675767649
95000,133784622.20623715,752167582.094106,0.1778654456680625
96000,130991575.60092004,759819024.7263522,0.17239838874539432
97000,129827218.95045021,773891253.8688178,0.16775899495106222
98000,127915699.64013307,788611741.1010256,0.16220364594311354
99000,125125829.44179969,801354966.8889292,0.15614282635268495
100000,121940763.5199952,812559208.0547352,0.15007000389783423
101000,119288929.79376343,822304359.2422223,0.1450666391987654
102000,117677576.50944251,837051602.1613401,0.14058580881464028
103000,114841518.9178042,847910348.7878839,0.13544063836698536
104000,111771013.70717356,857055147.6144309,0.1304128608506494
105000,109031293.64921866,873548162.111351,0.12481429001658235
106000,105729871.3528109,882309024.4521213,0.11983315190328575
107000,103143711.69964729,897128936.4798028,0.1149708893621997
108000,101132931.27122939,909770521.1833618,0.11116312181634902
109000,98525123.89860892,921008580.7880167,0.10697525077813134
110000,95746876.25260395,930931144.3149278,0.1028506531737791
111000,93278277.27588265,944693860.4217293,0.09873915898452167
112000,90010063.40219523,955154130.3715265,0.09423616622710305
113000,87491891.45472705,971839299.1765571,0.09002711819624834
114000,85011354.96940553,986028924.7390354,0.08621588356741647
115000,82483495.37097166,999011142.1282623,0.0825651405601457
116000,80266139.72779742,1009436819.868254,0.07951576378824116
117000,77908660.33269784,1020786140.3385496,0.07632221603915879
118000,75362777.25176294,1034907023.4125226,0.07282081921065744
119000,73246895.93126076,1046257046.207166,0.07000850909132839
120000,70945352.22848815,1059964843.3412325,0.066931797478163
121000,68506548.85894513,1077092605.8561232,0.06360321154047191
122000,65972376.956269294,1087113255.7738595,0.06068583618668782
123000,64420784.94195754,1102970440.2148838,0.058406628675748466
124000,61844381.41550424,1108646919.5064027,0.05578365873513535
125000,60325317.80868057,1125806300.6543818,0.053584100367546454
126000,58396938.28933323,1138885313.5114594,0.051275521421275796
127000,56415034.31567037,1151507274.706953,0.04899233861117154
128000,54846443.14049209,1166720534.3369505,0.04700906646137108
129000,52212318.95149966,1179644367.7375343,0.044261067470392636
130000,50487531.95771921,1195958184.8246226,0.042215131430471196
131000,48852522.04492479,1208658929.1596007,0.04041878222741688
132000,47181000.99450931,1212349894.949475,0.03891698361261919
133000,46075879.849047795,1233176255.9384038,0.03736358012665891
134000,44059909.36353826,1239294777.4450936,0.03555240461383314
135000,42967782.300386965,1257722681.8441179,0.03416316086260452
136000,41120667.5795317,1266478313.6622515,0.032468512990659774
137000,39772023.92402102,1279415074.7443724,0.03108609919417081
138000,38450913.44807195,1293668435.576686,0.02972238665692687
139000,36661129.3413725,1304282525.149551,0.028108273042429115
140000,35606001.68504811,1323212649.126048,0.026908752503662255
141000,34315402.40511723,1331579668.4510512,0.025770446348910035
142000,33188920.33246852,1344041067.97862,0.024693382608005594
143000,32278111.00961151,1356839452.8545117,0.023789189606555874
144000,30998879.46132403,1364598180.397641,0.02271648893177552
145000,29815161.905077726,1378385142.2428646,0.02163050151321527
146000,28696717.072700296,1391609767.9885483,0.02062123860640826
147000,27571061.82996863,1402545897.5695462,0.019657867794377476
148000,26616777.878648553,1415889554.351542,0.018798625780411717
149000,25500754.7701056,1433678070.6562543,0.01778694624130844
150000,24712151.959382135,1441961347.381787,0.01713787405206994
151000,23901391.004076857,1449800099.9431326,0.01648599072728328
152000,23207752.263307605,1467248820.3452325,0.01581718924663848
153000,22324689.415463034,1472889650.7745845,0.015157068558206383
154000,21435403.91007362,1483383364.1531515,0.014450346706099723
155000,20561658.341926638,1495423250.4353685,0.013749724926331352
156000,19902187.318857696,1511722532.37072,0.013165238258138949
157000,19267405.890579894,1520740888.9832358,0.012669749350569538
158000,18471665.549988795,1538290599.3046346,0.012007916812557189
159000,17565908.66318831,1545826133.05146,0.011363443978342644
160000,17200846.23668233,1559233903.9270592,0.011031600963370908
161000,16493640.36972027,1565343949.6038356,0.01053675160267145
162000,15968425.429929774,1575726036.2614918,0.010134011282707404
163000,15462362.783787055,1587886259.984533,0.009737701731821565
164000,14846045.68908051,1595463994.5732992,0.009305158712184557
165000,14350907.512941191,1607509792.6892684,0.008927415296757214
166000,13765182.267819136,1616681224.3270288,0.008514469062105382
167000,13352232.015477885,1631137857.1991792,0.008185839079478514
168000,12730354.10044555,1642460033.7172785,0.007750784700455526
169000,12201677.984727224,1651161377.8459954,0.007389754961834675
170000,11674433.900954945,1663666176.8169007,0.00701729353138121
171000,11412157.540694106,1677655818.6282845,0.006802442678633048
172000,11044281.973891756,1687806331.5106292,0.006543571835049846
173000,10653148.206634184,1694687198.2754943,0.006286203269532441
174000,10355429.853643771,1706970400.466929,0.006066555020995748
175000,9940946.319115512,1711245946.3963368,0.005809186189775855
176000,9531705.736110173,1719520544.291885,0.005543234576493776
177000,9199909.54951748,1730979009.7425191,0.005314859104435909
178000,8913751.002989098,1745033110.2045445,0.0051080698416915826
179000,8446721.499723637,1748038771.906928,0.004832113357822804
180000,8178060.931219294,1759821713.2330272,0.004647096276699021
